Fixation (#) Color A (3 RGB values) Comments:
8 7424 B 40 84 93.9 [127, 0, 230] 
9 7426 C 40 75.6 98.5 [127, 0, 233] 
- - D 40  [127, 0, 235]

11 7430 E 40 74 96.5 [127, 0, 235] 
12 7432 F 40 72 89.7 [127, 0, 235] 
13 7434 G 40 76 98.3 [127, 0, 237]

14 7436 H 40 74 97.9 [127, 0, 238] 
15 7438 I 40 72 97.0 [127, 0, 239] 
16 7440 J 50 -> 70 69 93.0 [127, 0, 240] 
17 7442 K 70 65 97.3 [127, 0, 240] 
18 7444 L 70 70 >90 [127, 0, 239] 
19 7446 M 70 63 95.2 [127, 0, 239] 
20 7448 N 70 -> 90 69 72.2 [127, 0, 237] 
21 7450 O 100 66 93.1 [127, 0, 237] 
22 7452 P 100 75 97.5 [127, 0, 234] 
23 7454 Q 100 77 85.7 [127, 0, 236]

        
        
        
        
 
 
